69.021953
63.98440292
63.38126414
62.32438654
60.89095758
60.73608724
60.6443066
60.56456271
59.00920464
58.00483986
56.88481493
55.53365377
55.27451102
52.99936178
52.18368563
51.63553071
50.91715966
48.30040666
47.64581686
47.20786161
46.8951377
46.87877167
46.74988667
46.53309236
45.63734641
45.30246141
45.21593271
45.14509102
45.10837504
44.4408763
44.18697137
44.04420424
43.4550086
43.16534744
43.09437169
42.97069534
42.89698946
42.73277042
42.6793437
42.56729309
42.35138043
41.7670266
41.57129223
41.44897995
41.42355956
41.39527349
41.3175472
41.19012435
40.81872872
40.58423613
40.54324983
40.31199221
39.58567986
39.11049904
39.03990903
38.57809778
38.5104741
38.26350749
37.67858363
37.56388206
36.86903663
36.39352138
36.29578858
36.19697594
36.13774614
36.09095501
36.08814383
35.9487755
35.73808182
34.78462297
34.11475446
33.876069
33.83542994
33.80826798
33.51937013
33.18956962
32.99406508
32.83885139
32.77251084
31.6578254
30.40373357
30.17323552
27.92986747
